# transform file /home/hp/Documents/AUDITORY_MEG/CTFDATASET/sub_0001/mri/transforms/cc_up.lta
# created by hp on Fri Jun  7 12:23:38 2024

type      = 0 # LINEAR_VOX_TO_VOX
nxforms   = 1
mean      = 129.0000 117.0000 127.0000
sigma     = 10000.0000
1 4 4
9.997661113739014e-01 -1.716751232743263e-02 1.315080374479294e-02 -6.080834940075874e-02 
1.716602779924870e-02 9.998525977134705e-01 2.257998712593690e-04 3.378762817382812e+01 
-1.315274182707071e-02 0.000000000000000e+00 9.999134540557861e-01 2.694544792175293e+00 
0.000000000000000e+00 0.000000000000000e+00 0.000000000000000e+00 1.000000000000000e+00 
src volume info
valid = 1  # volume info valid
filename = /home/hp/Documents/AUDITORY_MEG/CTFDATASET/sub_0001/mri/norm.mgz
volume = 256 256 256
voxelsize = 1.000000000000000e+00 1.000000000000000e+00 1.000000000000000e+00
xras   = -1.000000000000000e+00 -2.159140422008932e-09 0.000000000000000e+00
yras   = 1.862645149230957e-09 0.000000000000000e+00 -1.000000000000000e+00
zras   = 5.886249709874392e-09 1.000000119209290e+00 -5.820766091346741e-11
cras   = -2.143264770507812e+00 5.072686004638672e+01 1.858586120605469e+01
dst volume info
valid = 1  # volume info valid
filename = /home/hp/Documents/AUDITORY_MEG/CTFDATASET/sub_0001/mri/norm.mgz
volume = 256 256 256
voxelsize = 1.000000000000000e+00 1.000000000000000e+00 1.000000000000000e+00
xras   = -1.000000000000000e+00 -2.159140422008932e-09 0.000000000000000e+00
yras   = 1.862645149230957e-09 0.000000000000000e+00 -1.000000000000000e+00
zras   = 5.886249709874392e-09 1.000000119209290e+00 -5.820766091346741e-11
cras   = -2.143264770507812e+00 5.072686004638672e+01 1.858586120605469e+01
