# transform file transforms/talairach.lta
# created by hp on Fri Jun  7 10:06:40 2024

type      = 0 # LINEAR_VOX_TO_VOX
nxforms   = 1
mean      = 129.0000 117.0000 127.0000
sigma     = 10000.0000
1 4 4
1.082875370979309e+00 8.315001614391804e-03 8.161696605384350e-03 -1.596829605102539e+01 
-8.859449997544289e-03 1.016328215599060e+00 -6.677421333733946e-05 4.761530399322510e+00 
-8.890841156244278e-03 0.000000000000000e+00 1.001135349273682e+00 -1.241363239288330e+01 
0.000000000000000e+00 0.000000000000000e+00 0.000000000000000e+00 1.000000000000000e+00 
src volume info
valid = 1  # volume info valid
filename = nu.mgz
volume = 256 256 256
voxelsize = 1.000000000000000e+00 1.000000000000000e+00 1.000000000000000e+00
xras   = -1.000000000000000e+00 -2.159140422008932e-09 0.000000000000000e+00
yras   = 1.862645149230957e-09 0.000000000000000e+00 -1.000000000000000e+00
zras   = 5.886249709874392e-09 1.000000119209290e+00 -5.820766091346741e-11
cras   = -2.143264770507812e+00 5.072686004638672e+01 1.858586120605469e+01
dst volume info
valid = 1  # volume info valid
filename = /home/hp/Documents/AUDITORY_MEG/freesurfer/average/RB_all_2020-01-02.gca
volume = 256 256 256
voxelsize = 1.000000000000000e+00 1.000000000000000e+00 1.000000000000000e+00
xras   = -1.000000000000000e+00 0.000000000000000e+00 0.000000000000000e+00
yras   = 0.000000000000000e+00 0.000000000000000e+00 -1.000000000000000e+00
zras   = 0.000000000000000e+00 1.000000000000000e+00 0.000000000000000e+00
cras   = 0.000000000000000e+00 0.000000000000000e+00 0.000000000000000e+00
