type      = 0 # LINEAR_VOX_TO_VOX
nxforms   = 1
mean      = 0.0000 0.0000 0.0000
sigma     = 1.0000
1 4 4
1.113010048866272e+00 -3.392000496387482e-02 1.263099536299706e-02 -1.283030700683594e+01 
-2.141999779269099e-03 1.048694968223572e+00 -1.051740124821663e-01 1.594603729248047e+01 
-2.462700195610523e-02 8.861099928617477e-02 1.000576138496399e+00 -2.222616577148438e+01 
0.000000000000000e+00 0.000000000000000e+00 0.000000000000000e+00 1.000000000000000e+00 
src volume info
valid = 1  # volume info valid
filename = /home/hp/Documents/AUDITORY_MEG/CTFDATASET/sub_0001/mri/orig.mgz
volume = 256 256 256
voxelsize = 1.000000000000000e+00 1.000000000000000e+00 1.000000000000000e+00
xras   = -1.000000000000000e+00 -2.159140422008932e-09 0.000000000000000e+00
yras   = 1.862645149230957e-09 0.000000000000000e+00 -1.000000000000000e+00
zras   = 5.886249709874392e-09 1.000000119209290e+00 -5.820766091346741e-11
cras   = -2.143264770507812e+00 5.072686004638672e+01 1.858586120605469e+01
dst volume info
valid = 1  # volume info valid
filename = /home/hp/Documents/AUDITORY_MEG/freesurfer/average/mni305.cor.mgz
volume = 256 256 256
voxelsize = 1.000000000000000e+00 1.000000000000000e+00 1.000000000000000e+00
xras   = -1.000000000000000e+00 0.000000000000000e+00 0.000000000000000e+00
yras   = 0.000000000000000e+00 0.000000000000000e+00 -1.000000000000000e+00
zras   = 0.000000000000000e+00 1.000000000000000e+00 0.000000000000000e+00
cras   = 0.000000000000000e+00 0.000000000000000e+00 0.000000000000000e+00
subject fsaverage
fscale 0.100000
