# transform file transforms/talairach_with_skull.lta
# created by hp on Fri Jun  7 10:01:04 2024

type      = 0 # LINEAR_VOX_TO_VOX
nxforms   = 1
mean      = 130.0000 144.0000 129.0000
sigma     = 10000.0000
1 4 4
1.079297542572021e+00 -1.523353904485703e-02 2.538565173745155e-02 -1.547774982452393e+01 
1.766373775899410e-02 9.831290841102600e-01 -2.476626820862293e-02 7.059581279754639e+00 
-2.687171287834644e-02 2.428882010281086e-02 1.021007061004639e+00 -1.855429840087891e+01 
0.000000000000000e+00 0.000000000000000e+00 0.000000000000000e+00 1.000000000000000e+00 
src volume info
valid = 1  # volume info valid
filename = nu.mgz
volume = 256 256 256
voxelsize = 1.000000000000000e+00 1.000000000000000e+00 1.000000000000000e+00
xras   = -1.000000000000000e+00 -2.159140422008932e-09 0.000000000000000e+00
yras   = 1.862645149230957e-09 0.000000000000000e+00 -1.000000000000000e+00
zras   = 5.886249709874392e-09 1.000000119209290e+00 -5.820766091346741e-11
cras   = -2.143264770507812e+00 5.072686004638672e+01 1.858586120605469e+01
dst volume info
valid = 1  # volume info valid
filename = /home/hp/Documents/AUDITORY_MEG/freesurfer/average/RB_all_withskull_2020_01_02.gca
volume = 256 256 256
voxelsize = 1.000000000000000e+00 1.000000000000000e+00 1.000000000000000e+00
xras   = -1.000000000000000e+00 0.000000000000000e+00 0.000000000000000e+00
yras   = 0.000000000000000e+00 0.000000000000000e+00 -1.000000000000000e+00
zras   = 0.000000000000000e+00 1.000000000000000e+00 0.000000000000000e+00
cras   = 0.000000000000000e+00 0.000000000000000e+00 0.000000000000000e+00
