type      = 1 # LINEAR_RAS_TO_RAS
nxforms   = 1
mean      = 0.0000 0.0000 0.0000
sigma     = 1.0000
1 4 4
1.113010048866272e+00 -1.263100001960993e-02 -3.392000123858452e-02 4.746657848358154e+00 
2.462700009346008e-02 1.000576019287109e+00 -8.861099928617477e-02 -6.301885223388672e+01 
-2.142000012099743e-03 1.051739975810051e-01 1.048694968223572e+00 -3.327318572998047e+01 
0.000000000000000e+00 0.000000000000000e+00 0.000000000000000e+00 1.000000000000000e+00 
src volume info
valid = 1  # volume info valid
filename = /home/hp/Documents/AUDITORY_MEG/CTFDATASET/sub_0001/mri/orig_nu.mgz
volume = 256 256 256
voxelsize = 1.000000000000000e+00 1.000000000000000e+00 1.000000000000000e+00
xras   = -1.000000000000000e+00 -2.159140422008932e-09 0.000000000000000e+00
yras   = 1.862645149230957e-09 0.000000000000000e+00 -1.000000000000000e+00
zras   = 5.886249709874392e-09 1.000000119209290e+00 -5.820766091346741e-11
cras   = -2.143264770507812e+00 5.072686004638672e+01 1.858586120605469e+01
dst volume info
valid = 1  # volume info valid
filename = /home/hp/Documents/AUDITORY_MEG/freesurfer/average/mni305.cor.mgz
volume = 256 256 256
voxelsize = 1.000000000000000e+00 1.000000000000000e+00 1.000000000000000e+00
xras   = -1.000000000000000e+00 0.000000000000000e+00 0.000000000000000e+00
yras   = 0.000000000000000e+00 0.000000000000000e+00 -1.000000000000000e+00
zras   = 0.000000000000000e+00 1.000000000000000e+00 0.000000000000000e+00
cras   = 0.000000000000000e+00 0.000000000000000e+00 0.000000000000000e+00
subject fsaverage
fscale 0.100000
